{"producer":{"name":"Blender","version":"2.78 (sub 0)","exporter_version":"4.6.1","file":"soldier2.babylon"},
"autoClear":true,"clearColor":[0.0122,0.0122,0.0122],"ambientColor":[0,0,0],"gravity":[0,-9.81,0],
"materials":[{"name":"soldier2.Material","id":"soldier2.Material","ambient":[1,0,0.063],"diffuse":[1,0,0.063],"specular":[0.0423,0.0454,0.131],"emissive":[0,0,0],"specularPower":10,"alpha":1,"backFaceCulling":true,"checkReadyOnlyOnce":false},
{"name":"soldier2.Material.001","id":"soldier2.Material.001","ambient":[0.0174,0.0174,0.0174],"diffuse":[0.0174,0.0174,0.0174],"specular":[0.6341,0.7226,0.9881],"emissive":[0,0,0],"specularPower":15,"alpha":1,"backFaceCulling":true,"checkReadyOnlyOnce":false},
{"name":"soldier2.Material.002","id":"soldier2.Material.002","ambient":[0.1813,0.154,0.214],"diffuse":[0.1252,0.1064,0.1478],"specular":[0.2606,0.5,0.4486],"emissive":[0,0,0],"specularPower":13,"alpha":1,"backFaceCulling":true,"checkReadyOnlyOnce":false},
{"name":"soldier2.Material.003","id":"soldier2.Material.003","ambient":[0.0281,0.0192,0.0352],"diffuse":[0.0232,0.0158,0.029],"specular":[0.2262,0.2262,0.2262],"emissive":[0,0,0],"specularPower":19,"alpha":1,"backFaceCulling":true,"checkReadyOnlyOnce":false},
{"name":"soldier2.Material.004","id":"soldier2.Material.004","ambient":[0.8,0.8,0.8],"diffuse":[0.64,0.64,0.64],"specular":[0.5,0.5,0.5],"emissive":[0,0,0],"specularPower":50,"alpha":1,"backFaceCulling":true,"checkReadyOnlyOnce":false}],
"multiMaterials":[{"name":"soldier2.Multimaterial#0","id":"soldier2.Multimaterial#0","materials":["soldier2.Material","soldier2.Material.001","soldier2.Material.002","soldier2.Material.003"]}],
"skeletons":[{"name":"Armature","id":0,"dimensionsAtRest":[1.3726,3.6856,2.9202],"bones":[
{"name":"Bone","index":0,"matrix":[-0.9986,-0.0102,-0.0517,0,-0.0126,0.9988,0.0463,0,-0.0512,-0.0469,0.9976,0,0.0105,-1.2568,-0.1962,1],"rest":[-0.9962,0,-0.0871,0,0,1,0,0,-0.0871,0,0.9962,0,-0.0029,-1.0721,-0.0429,1],"parentBoneIndex":-1,"length":0.8841
,"animation":{"dataType":3,"framePerSecond":24,"keys":[
{"frame":1,"values":[-0.9979,0.0422,-0.0498,0,0.0392,0.9975,0.0593,0,-0.0522,-0.0572,0.997,0,0.0158,-1.3293,-0.2564,1]},
{"frame":2,"values":[-0.9981,0.0357,-0.0501,0,0.0328,0.9978,0.0577,0,-0.052,-0.0559,0.9971,0,0.0152,-1.3203,-0.2489,1]},
{"frame":3,"values":[-0.9986,0.0162,-0.0508,0,0.0135,0.9985,0.0529,0,-0.0516,-0.0521,0.9973,0,0.0132,-1.2932,-0.2265,1]},
{"frame":4,"values":[-0.9986,-0.0102,-0.0517,0,-0.0126,0.9988,0.0463,0,-0.0512,-0.0469,0.9976,0,0.0105,-1.2568,-0.1962,1]},
{"frame":5,"values":[-0.9981,-0.0339,-0.0523,0,-0.0361,0.9985,0.0404,0,-0.0509,-0.0422,0.9978,0,0.0082,-1.224,-0.169,1]},
{"frame":6,"values":[-0.9969,-0.0584,-0.0528,0,-0.0603,0.9976,0.0343,0,-0.0507,-0.0374,0.998,0,0.0057,-1.1901,-0.1409,1]},
{"frame":7,"values":[-0.9946,-0.0886,-0.0532,0,-0.0901,0.9956,0.0268,0,-0.0506,-0.0314,0.9982,0,0.0027,-1.1484,-0.1062,1]},
{"frame":8,"values":[-0.9916,-0.1175,-0.0534,0,-0.1187,0.9927,0.0195,0,-0.0507,-0.0257,0.9984,0,-0.0002,-1.1082,-0.0728,1]},
{"frame":9,"values":[-0.9891,-0.137,-0.0534,0,-0.1379,0.9903,0.0146,0,-0.0509,-0.0218,0.9985,0,-0.0022,-1.081,-0.0503,1]},
{"frame":10,"values":[-0.9882,-0.1434,-0.0534,0,-0.1442,0.9895,0.013,0,-0.051,-0.0205,0.9985,0,-0.0029,-1.0721,-0.0429,1]},
{"frame":11,"values":[-0.989,-0.1382,-0.0534,0,-0.1391,0.9902,0.0143,0,-0.0509,-0.0215,0.9985,0,-0.0023,-1.0794,-0.0489,1]},
{"frame":12,"values":[-0.9911,-0.1222,-0.0534,0,-0.1233,0.9922,0.0183,0,-0.0508,-0.0247,0.9984,0,-0.0007,-1.1017,-0.0675,1]},
{"frame":13,"values":[-0.9938,-0.098,-0.0533,0,-0.0995,0.9947,0.0244,0,-0.0506,-0.0295,0.9983,0,0.0017,-1.1352,-0.0953,1]},
{"frame":14,"values":[-0.996,-0.0724,-0.053,0,-0.0741,0.9968,0.0308,0,-0.0506,-0.0346,0.9981,0,0.0043,-1.1708,-0.1248,1]},
{"frame":15,"values":[-0.9973,-0.0508,-0.0527,0,-0.0527,0.998,0.0362,0,-0.0507,-0.0389,0.998,0,0.0065,-1.2007,-0.1496,1]},
{"frame":16,"values":[-0.9982,-0.0292,-0.0522,0,-0.0314,0.9986,0.0416,0,-0.0509,-0.0432,0.9978,0,0.0086,-1.2306,-0.1744,1]},
{"frame":17,"values":[-0.9987,-0.0034,-0.0515,0,-0.0059,0.9988,0.048,0,-0.0513,-0.0482,0.9975,0,0.0112,-1.2662,-0.204,1]},
{"frame":18,"values":[-0.9985,0.0208,-0.0507,0,0.0181,0.9984,0.054,0,-0.0517,-0.053,0.9973,0,0.0137,-1.2997,-0.2318,1]},
{"frame":19,"values":[-0.9981,0.0369,-0.0501,0,0.034,0.9977,0.058,0,-0.0521,-0.0562,0.9971,0,0.0153,-1.322,-0.2504,1]},
{"frame":20,"values":[-0.9979,0.0422,-0.0498,0,0.0392,0.9975,0.0593,0,-0.0522,-0.0572,0.997,0,0.0158,-1.3293,-0.2564,1]}],"loopBehavior":1,"name":"anim","property":"_matrix"}},
{"name":"Bone.001","index":1,"matrix":[-0.9984,-0.0149,-0.0544,0,-0.0163,0.9995,0.0253,0,0.054,0.0261,-0.9982,0,0,0.8841,0,1],"rest":[-1,0,0,0,0,1,0,0,0,0,-1,0,0,0.8841,0,1],"parentBoneIndex":0,"length":0.4876
,"animation":{"dataType":3,"framePerSecond":24,"keys":[
{"frame":1,"values":[-0.9986,-0.0039,-0.0524,0,-0.0051,0.9997,0.0221,0,0.0523,0.0224,-0.9984,0,0,0.8841,0,1]},
{"frame":2,"values":[-0.9986,-0.0053,-0.0527,0,-0.0065,0.9997,0.0225,0,0.0526,0.0228,-0.9984,0,0,0.8841,0,1]},
{"frame":3,"values":[-0.9985,-0.0094,-0.0534,0,-0.0107,0.9997,0.0237,0,0.0532,0.0242,-0.9983,0,0,0.8841,0,1]},
{"frame":4,"values":[-0.9984,-0.0149,-0.0544,0,-0.0163,0.9995,0.0253,0,0.054,0.0261,-0.9982,0,0,0.8841,0,1]},
{"frame":5,"values":[-0.9983,-0.0199,-0.0554,0,-0.0214,0.9994,0.0267,0,0.0548,0.0279,-0.9981,0,0,0.8841,0,1]},
{"frame":6,"values":[-0.9981,-0.025,-0.0563,0,-0.0266,0.9992,0.0282,0,0.0556,0.0296,-0.998,0,0,0.8841,0,1]},
{"frame":7,"values":[-0.9979,-0.0313,-0.0575,0,-0.0331,0.999,0.03,0,0.0565,0.0319,-0.9979,0,0,0.8841,0,1]},
{"frame":8,"values":[-0.9976,-0.0374,-0.0587,0,-0.0393,0.9987,0.0317,0,0.0574,0.034,-0.9978,0,0,0.8841,0,1]},
{"frame":9,"values":[-0.9974,-0.0415,-0.0594,0,-0.0435,0.9985,0.0329,0,0.058,0.0354,-0.9977,0,0,0.8841,0,1]},
{"frame":10,"values":[-0.9973,-0.0429,-0.0597,0,-0.0449,0.9984,0.0333,0,0.0582,0.0359,-0.9977,0,0,0.8841,0,1]},
{"frame":11,"values":[-0.9974,-0.0418,-0.0595,0,-0.0438,0.9985,0.033,0,0.058,0.0355,-0.9977,0,0,0.8841,0,1]},
{"frame":12,"values":[-0.9975,-0.0384,-0.0588,0,-0.0403,0.9987,0.032,0,0.0575,0.0343,-0.9978,0,0,0.8841,0,1]},
{"frame":13,"values":[-0.9978,-0.0333,-0.0579,0,-0.0351,0.9989,0.0306,0,0.0568,0.0325,-0.9979,0,0,0.8841,0,1]},
{"frame":14,"values":[-0.998,-0.0279,-0.0569,0,-0.0296,0.9991,0.029,0,0.056,0.0307,-0.998,0,0,0.8841,0,1]},
{"frame":15,"values":[-0.9982,-0.0234,-0.056,0,-0.025,0.9993,0.0277,0,0.0553,0.0291,-0.998,0,0,0.8841,0,1]},
{"frame":16,"values":[-0.9983,-0.0189,-0.0552,0,-0.0204,0.9994,0.0264,0,0.0547,0.0275,-0.9981,0,0,0.8841,0,1]},
{"frame":17,"values":[-0.9984,-0.0135,-0.0542,0,-0.0149,0.9996,0.0249,0,0.0538,0.0257,-0.9982,0,0,0.8841,0,1]},
{"frame":18,"values":[-0.9985,-0.0084,-0.0533,0,-0.0097,0.9997,0.0234,0,0.053,0.0239,-0.9983,0,0,0.8841,0,1]},
{"frame":19,"values":[-0.9986,-0.005,-0.0526,0,-0.0062,0.9997,0.0224,0,0.0525,0.0227,-0.9984,0,0,0.8841,0,1]},
{"frame":20,"values":[-0.9986,-0.0039,-0.0524,0,-0.0051,0.9997,0.0221,0,0.0523,0.0224,-0.9984,0,0,0.8841,0,1]}],"loopBehavior":1,"name":"anim","property":"_matrix"}},
{"name":"Bone.002","index":2,"matrix":[0.9958,-0.055,0.0727,0,0.058,0.9975,-0.04,0,-0.0703,0.0441,0.9965,0,0,0.4876,0,1],"rest":[1,0,0,0,0,1,0,0,0,0,1,0,0,0.4876,0,1],"parentBoneIndex":1,"length":0.42
,"animation":{"dataType":3,"framePerSecond":24,"keys":[
{"frame":1,"values":[0.9966,-0.0422,0.0708,0,0.0449,0.9983,-0.0369,0,-0.0691,0.0399,0.9968,0,0,0.4876,0,1]},
{"frame":2,"values":[0.9965,-0.0442,0.0711,0,0.047,0.9982,-0.0374,0,-0.0693,0.0406,0.9968,0,0,0.4876,0,1]},
{"frame":3,"values":[0.9962,-0.0496,0.0719,0,0.0525,0.9979,-0.0387,0,-0.0698,0.0423,0.9967,0,0,0.4876,0,1]},
{"frame":4,"values":[0.9958,-0.055,0.0727,0,0.058,0.9975,-0.04,0,-0.0703,0.0441,0.9965,0,0,0.4876,0,1]},
{"frame":5,"values":[0.9957,-0.0571,0.073,0,0.0601,0.9974,-0.0405,0,-0.0705,0.0448,0.9965,0,0,0.4876,0,1]},
{"frame":6,"values":[0.9958,-0.0557,0.0728,0,0.0588,0.9975,-0.0402,0,-0.0704,0.0443,0.9965,0,0,0.4876,0,1]},
{"frame":7,"values":[0.996,-0.052,0.0723,0,0.0549,0.9977,-0.0393,0,-0.0701,0.0431,0.9966,0,0,0.4876,0,1]},
{"frame":8,"values":[0.9963,-0.0472,0.0715,0,0.05,0.998,-0.0381,0,-0.0696,0.0415,0.9967,0,0,0.4876,0,1]},
{"frame":9,"values":[0.9965,-0.0435,0.071,0,0.0462,0.9982,-0.0372,0,-0.0692,0.0403,0.9968,0,0,0.4876,0,1]},
{"frame":10,"values":[0.9966,-0.0422,0.0708,0,0.0449,0.9983,-0.0369,0,-0.0691,0.0399,0.9968,0,0,0.4876,0,1]},
{"frame":11,"values":[0.9965,-0.0444,0.0711,0,0.0472,0.9982,-0.0374,0,-0.0693,0.0406,0.9968,0,0,0.4876,0,1]},
{"frame":12,"values":[0.9961,-0.0508,0.0721,0,0.0537,0.9978,-0.039,0,-0.0699,0.0427,0.9966,0,0,0.4876,0,1]},
{"frame":13,"values":[0.9956,-0.059,0.0733,0,0.0621,0.9972,-0.041,0,-0.0707,0.0454,0.9965,0,0,0.4876,0,1]},
{"frame":14,"values":[0.9951,-0.0654,0.0743,0,0.0686,0.9967,-0.0426,0,-0.0713,0.0475,0.9963,0,0,0.4876,0,1]},
{"frame":15,"values":[0.9949,-0.0676,0.0746,0,0.071,0.9965,-0.0431,0,-0.0715,0.0482,0.9963,0,0,0.4876,0,1]},
{"frame":16,"values":[0.9951,-0.0654,0.0743,0,0.0686,0.9967,-0.0426,0,-0.0713,0.0475,0.9963,0,0,0.4876,0,1]},
{"frame":17,"values":[0.9956,-0.059,0.0733,0,0.0621,0.9972,-0.041,0,-0.0707,0.0454,0.9965,0,0,0.4876,0,1]},
{"frame":18,"values":[0.9961,-0.0508,0.0721,0,0.0537,0.9978,-0.039,0,-0.0699,0.0427,0.9966,0,0,0.4876,0,1]},
{"frame":19,"values":[0.9965,-0.0444,0.0711,0,0.0472,0.9982,-0.0374,0,-0.0693,0.0406,0.9968,0,0,0.4876,0,1]},
{"frame":20,"values":[0.9966,-0.0422,0.0708,0,0.0449,0.9983,-0.0369,0,-0.0691,0.0399,0.9968,0,0,0.4876,0,1]}],"loopBehavior":1,"name":"anim","property":"_matrix"}},
{"name":"Bone.003","index":3,"matrix":[0.9814,0.007,-0.1919,0,0.0076,0.9971,0.0754,0,0.1918,-0.0754,0.9785,0,0,0.42,0,1],"rest":[1,0,0,0,0,1,0,0,0,0,1,0,0,0.42,0,1],"parentBoneIndex":2,"length":0.787
,"animation":{"dataType":3,"framePerSecond":24,"keys":[
{"frame":1,"values":[0.9814,0.0107,-0.1915,0,0.0024,0.9977,0.0683,0,0.1918,-0.0675,0.9791,0,0,0.42,0,1]},
{"frame":2,"values":[0.9814,0.0101,-0.1915,0,0.0033,0.9976,0.0694,0,0.1918,-0.0687,0.979,0,0,0.42,0,1]},
{"frame":3,"values":[0.9814,0.0086,-0.1917,0,0.0054,0.9974,0.0724,0,0.1918,-0.0721,0.9788,0,0,0.42,0,1]},
{"frame":4,"values":[0.9814,0.007,-0.1919,0,0.0076,0.9971,0.0754,0,0.1918,-0.0754,0.9785,0,0,0.42,0,1]},
{"frame":5,"values":[0.9814,0.0064,-0.1919,0,0.0084,0.997,0.0765,0,0.1918,-0.0767,0.9784,0,0,0.42,0,1]},
{"frame":6,"values":[0.9814,0.0068,-0.1919,0,0.0079,0.9971,0.0758,0,0.1918,-0.0759,0.9785,0,0,0.42,0,1]},
{"frame":7,"values":[0.9814,0.0079,-0.1918,0,0.0064,0.9973,0.0737,0,0.1918,-0.0736,0.9787,0,0,0.42,0,1]},
{"frame":8,"values":[0.9814,0.0093,-0.1916,0,0.0045,0.9975,0.0711,0,0.1918,-0.0706,0.9789,0,0,0.42,0,1]},
{"frame":9,"values":[0.9814,0.0103,-0.1915,0,0.003,0.9976,0.069,0,0.1918,-0.0683,0.9791,0,0,0.42,0,1]},
{"frame":10,"values":[0.9814,0.0107,-0.1915,0,0.0024,0.9977,0.0683,0,0.1918,-0.0675,0.9791,0,0,0.42,0,1]},
{"frame":11,"values":[0.9814,0.0101,-0.1916,0,0.0033,0.9976,0.0695,0,0.1918,-0.0689,0.979,0,0,0.42,0,1]},
{"frame":12,"values":[0.9814,0.0082,-0.1917,0,0.0059,0.9973,0.073,0,0.1918,-0.0728,0.9787,0,0,0.42,0,1]},
{"frame":13,"values":[0.9814,0.0059,-0.192,0,0.0092,0.9969,0.0776,0,0.1918,-0.0779,0.9783,0,0,0.42,0,1]},
{"frame":14,"values":[0.9814,0.004,-0.1922,0,0.0118,0.9966,0.0811,0,0.1918,-0.0818,0.978,0,0,0.42,0,1]},
{"frame":15,"values":[0.9813,0.0034,-0.1922,0,0.0127,0.9965,0.0823,0,0.1918,-0.0832,0.9779,0,0,0.42,0,1]},
{"frame":16,"values":[0.9814,0.004,-0.1922,0,0.0118,0.9966,0.0811,0,0.1918,-0.0818,0.978,0,0,0.42,0,1]},
{"frame":17,"values":[0.9814,0.0059,-0.192,0,0.0092,0.9969,0.0776,0,0.1918,-0.0779,0.9783,0,0,0.42,0,1]},
{"frame":18,"values":[0.9814,0.0082,-0.1917,0,0.0059,0.9973,0.073,0,0.1918,-0.0728,0.9787,0,0,0.42,0,1]},
{"frame":19,"values":[0.9814,0.0101,-0.1916,0,0.0033,0.9976,0.0695,0,0.1918,-0.0689,0.979,0,0,0.42,0,1]},
{"frame":20,"values":[0.9814,0.0107,-0.1915,0,0.0024,0.9977,0.0683,0,0.1918,-0.0675,0.9791,0,0,0.42,0,1]}],"loopBehavior":1,"name":"anim","property":"_matrix"}},
{"name":"Bone.002_L","index":4,"matrix":[0.0493,0.1497,-0.9875,0,-0.9559,0.2937,-0.0032,0,0.2896,0.9441,0.1576,0,0,0.42,0,1],"rest":[0.0378,0.1907,-0.9809,0,-0.9809,0.1944,0,0,0.1907,0.9622,0.1944,0,0,0.42,0,1],"parentBoneIndex":2,"length":0.5463
,"animation":{"dataType":3,"framePerSecond":24,"keys":[
{"frame":1,"values":[0.0493,0.1497,-0.9875,0,-0.9559,0.2937,-0.0032,0,0.2896,0.9441,0.1576,0,0,0.42,0,1]},
{"frame":20,"values":[0.0493,0.1497,-0.9875,0,-0.9559,0.2937,-0.0032,0,0.2896,0.9441,0.1576,0,0,0.42,0,1]}],"loopBehavior":1,"name":"anim","property":"_matrix"}},
{"name":"Bone.002_L.001","index":5,"matrix":[-0.2327,-0.963,0.1357,0,0.9402,-0.2585,-0.2219,0,0.2488,0.0759,0.9656,0,0,0.5463,0,1],"rest":[0.9417,-0.0519,-0.3324,0,-0.0664,0.94,-0.3348,0,0.3298,0.3373,0.8817,0,0,0.5463,0,1],"parentBoneIndex":4,"length":0.381
,"animation":{"dataType":3,"framePerSecond":24,"keys":[
{"frame":1,"values":[-0.2327,-0.963,0.1357,0,0.9402,-0.2585,-0.2219,0,0.2488,0.0759,0.9656,0,0,0.5463,0,1]},
{"frame":20,"values":[-0.2327,-0.963,0.1357,0,0.9402,-0.2585,-0.2219,0,0.2488,0.0759,0.9656,0,0,0.5463,0,1]}],"loopBehavior":1,"name":"anim","property":"_matrix"}},
{"name":"Bone.002_L.002","index":6,"matrix":[0.7276,0.0456,-0.0513,0,-0.0451,0.7293,0.0081,0,0.0517,-0.0049,0.7289,0,0,0.381,0,1],"rest":[0.9977,-0.0143,-0.0655,0,0.01,0.9978,-0.0652,0,0.0663,0.0644,0.9957,0,0,0.381,0,1],"parentBoneIndex":5,"length":0.3903
,"animation":{"dataType":3,"framePerSecond":24,"keys":[
{"frame":1,"values":[0.7276,0.0456,-0.0513,0,-0.0451,0.7293,0.0081,0,0.0517,-0.0049,0.7289,0,0,0.381,0,1]},
{"frame":20,"values":[0.7276,0.0456,-0.0513,0,-0.0451,0.7293,0.0081,0,0.0517,-0.0049,0.7289,0,0,0.381,0,1]}],"loopBehavior":1,"name":"anim","property":"_matrix"}},
{"name":"Bone.002_L.003","index":7,"matrix":[0.7778,-0.1383,0.6132,0,0.0344,0.9834,0.1782,0,-0.6276,-0.1175,0.7696,0,0,0.5341,0,1],"rest":[0.9226,-0.0727,0.3789,0,-0.0854,0.9193,0.3841,0,-0.3763,-0.3867,0.8419,0,0,0.5341,0,1],"parentBoneIndex":6,"length":0.6419
,"animation":{"dataType":3,"framePerSecond":24,"keys":[
{"frame":1,"values":[0.7778,-0.1383,0.6132,0,0.0344,0.9834,0.1782,0,-0.6276,-0.1175,0.7696,0,0,0.5341,0,1]},
{"frame":20,"values":[0.7778,-0.1383,0.6132,0,0.0344,0.9834,0.1782,0,-0.6276,-0.1175,0.7696,0,0,0.5341,0,1]}],"loopBehavior":1,"name":"anim","property":"_matrix"}},
{"name":"Bone.002_L.004","index":8,"matrix":[0.4827,0.126,0.8667,0,-0.505,0.8486,0.1578,0,-0.7156,-0.5138,0.4733,0,0,0.8783,0,1],"rest":[0.9801,-0.0039,-0.1986,0,-0.0493,0.9636,-0.2626,0,0.1924,0.2671,0.9443,0,0,0.8783,0,1],"parentBoneIndex":7,"length":0.4504
,"animation":{"dataType":3,"framePerSecond":24,"keys":[
{"frame":1,"values":[0.4827,0.126,0.8667,0,-0.505,0.8486,0.1578,0,-0.7156,-0.5138,0.4733,0,0,0.8783,0,1]},
{"frame":20,"values":[0.4827,0.126,0.8667,0,-0.505,0.8486,0.1578,0,-0.7156,-0.5138,0.4733,0,0,0.8783,0,1]}],"loopBehavior":1,"name":"anim","property":"_matrix"}},
{"name":"Bone.002_L.005","index":9,"matrix":[0.8349,-0.5117,-0.203,0,-0.058,0.285,-0.9568,0,0.5474,0.8105,0.2083,0,0,0.6163,0,1],"rest":[0.98,-0.0277,-0.1972,0,0.0019,0.9915,-0.1299,0,0.1991,0.127,0.9717,0,0,0.6163,0,1],"parentBoneIndex":8,"length":0.377
,"animation":{"dataType":3,"framePerSecond":24,"keys":[
{"frame":1,"values":[0.8349,-0.5117,-0.203,0,-0.058,0.285,-0.9568,0,0.5474,0.8105,0.2083,0,0,0.6163,0,1]},
{"frame":20,"values":[0.8349,-0.5117,-0.203,0,-0.058,0.285,-0.9568,0,0.5474,0.8105,0.2083,0,0,0.6163,0,1]}],"loopBehavior":1,"name":"anim","property":"_matrix"}},
{"name":"Bone.002_R","index":10,"matrix":[0.4585,-0.1391,0.8778,0,0.8791,0.2162,-0.4249,0,-0.1307,0.9664,0.2214,0,0,0.42,0,1],"rest":[0.0378,-0.1907,0.9809,0,0.9809,0.1944,0,0,-0.1907,0.9622,0.1944,0,0,0.42,0,1],"parentBoneIndex":2,"length":0.5463
,"animation":{"dataType":3,"framePerSecond":24,"keys":[
{"frame":1,"values":[0.4585,-0.1391,0.8778,0,0.8791,0.2162,-0.4249,0,-0.1307,0.9664,0.2214,0,0,0.42,0,1]},
{"frame":20,"values":[0.4585,-0.1391,0.8778,0,0.8791,0.2162,-0.4249,0,-0.1307,0.9664,0.2214,0,0,0.42,0,1]}],"loopBehavior":1,"name":"anim","property":"_matrix"}},
{"name":"Bone.002_R.001","index":11,"matrix":[0.9316,0.1165,0.3444,0,0.0202,0.9292,-0.3691,0,-0.363,0.3508,0.8632,0,0,0.5463,0,1],"rest":[0.9417,0.0519,0.3324,0,0.0664,0.94,-0.3348,0,-0.3298,0.3373,0.8817,0,0,0.5463,0,1],"parentBoneIndex":10,"length":0.381
,"animation":{"dataType":3,"framePerSecond":24,"keys":[
{"frame":1,"values":[0.9316,0.1165,0.3444,0,0.0202,0.9292,-0.3691,0,-0.363,0.3508,0.8632,0,0,0.5463,0,1]},
{"frame":20,"values":[0.9316,0.1165,0.3444,0,0.0202,0.9292,-0.3691,0,-0.363,0.3508,0.8632,0,0,0.5463,0,1]}],"loopBehavior":1,"name":"anim","property":"_matrix"}},
{"name":"Bone.002_R.002","index":12,"matrix":[-0.3452,0.5809,0.2783,0,-0.6433,-0.327,-0.1155,0,0.0327,-0.2995,0.6658,0,0,0.381,0,1],"rest":[0.9977,0.0143,0.0655,0,-0.01,0.9978,-0.0652,0,-0.0663,0.0644,0.9957,0,0,0.381,0,1],"parentBoneIndex":11,"length":0.3903
,"animation":{"dataType":3,"framePerSecond":24,"keys":[
{"frame":1,"values":[-0.3452,0.5809,0.2783,0,-0.6433,-0.327,-0.1155,0,0.0327,-0.2995,0.6658,0,0,0.381,0,1]},
{"frame":20,"values":[-0.3452,0.5809,0.2783,0,-0.6433,-0.327,-0.1155,0,0.0327,-0.2995,0.6658,0,0,0.381,0,1]}],"loopBehavior":1,"name":"anim","property":"_matrix"}},
{"name":"Bone.002_R.003","index":13,"matrix":[0.8944,-0.1588,-0.4182,0,0.2998,0.9066,0.2969,0,0.332,-0.3909,0.8585,0,0,0.5341,0,1],"rest":[0.9226,0.0727,-0.3789,0,0.0854,0.9193,0.3841,0,0.3763,-0.3867,0.8419,0,0,0.5341,0,1],"parentBoneIndex":12,"length":0.6419
,"animation":{"dataType":3,"framePerSecond":24,"keys":[
{"frame":1,"values":[0.8944,-0.1588,-0.4182,0,0.2998,0.9066,0.2969,0,0.332,-0.3909,0.8585,0,0,0.5341,0,1]},
{"frame":20,"values":[0.8944,-0.1588,-0.4182,0,0.2998,0.9066,0.2969,0,0.332,-0.3909,0.8585,0,0,0.5341,0,1]}],"loopBehavior":1,"name":"anim","property":"_matrix"}},
{"name":"Bone.002_R.004","index":14,"matrix":[0.1649,-0.1167,-0.9794,0,0.47,0.8823,-0.026,0,0.8671,-0.456,0.2003,0,0,0.8783,0,1],"rest":[0.9801,0.0039,0.1986,0,0.0493,0.9636,-0.2626,0,-0.1924,0.2671,0.9443,0,0,0.8783,0,1],"parentBoneIndex":13,"length":0.4504
,"animation":{"dataType":3,"framePerSecond":24,"keys":[
{"frame":1,"values":[0.1649,-0.1167,-0.9794,0,0.47,0.8823,-0.026,0,0.8671,-0.456,0.2003,0,0,0.8783,0,1]},
{"frame":20,"values":[0.1649,-0.1167,-0.9794,0,0.47,0.8823,-0.026,0,0.8671,-0.456,0.2003,0,0,0.8783,0,1]}],"loopBehavior":1,"name":"anim","property":"_matrix"}},
{"name":"Bone.002_R.005","index":15,"matrix":[0.9549,0.24,0.1751,0,-0.2205,0.9675,-0.1237,0,-0.1991,0.0795,0.9767,0,0,0.6163,0,1],"rest":[0.98,0.0277,0.1972,0,-0.0019,0.9915,-0.1299,0,-0.1991,0.127,0.9717,0,0,0.6163,0,1],"parentBoneIndex":14,"length":0.377
,"animation":{"dataType":3,"framePerSecond":24,"keys":[
{"frame":1,"values":[0.9549,0.24,0.1751,0,-0.2205,0.9675,-0.1237,0,-0.1991,0.0795,0.9767,0,0,0.6163,0,1]},
{"frame":20,"values":[0.9549,0.24,0.1751,0,-0.2205,0.9675,-0.1237,0,-0.1991,0.0795,0.9767,0,0,0.6163,0,1]}],"loopBehavior":1,"name":"anim","property":"_matrix"}},
{"name":"Bone.002_R.006","index":16,"matrix":[0.9769,-0.0025,-0.2139,0,0.0471,0.978,0.2034,0,0.2086,-0.2088,0.9554,0,0,0.5159,0,1],"rest":[0.977,0,-0.2134,0,0.0455,0.977,0.2084,0,0.2084,-0.2134,0.9545,0,0,0.5159,0,1],"parentBoneIndex":15,"length":0.8169
,"animation":{"dataType":3,"framePerSecond":24,"keys":[
{"frame":1,"values":[0.9769,-0.0025,-0.2139,0,0.0471,0.978,0.2034,0,0.2086,-0.2088,0.9554,0,0,0.5159,0,1]},
{"frame":20,"values":[0.9769,-0.0025,-0.2139,0,0.0471,0.978,0.2034,0,0.2086,-0.2088,0.9554,0,0,0.5159,0,1]}],"loopBehavior":1,"name":"anim","property":"_matrix"}},
{"name":"Bone_L","index":17,"matrix":[0.1061,-0.1615,0.9811,0,-0.9179,-0.3953,0.0342,0,-0.3824,0.9042,0.1902,0,-0.0029,-1.0721,-0.0429,1],"rest":[-0.0074,-0.266,0.9639,0,-0.9573,-0.2769,-0.0837,0,-0.2892,0.9233,0.2526,0,-0.0029,-1.0721,-0.0429,1],"parentBoneIndex":-1,"length":0.3557
,"animation":{"dataType":3,"framePerSecond":24,"keys":[
{"frame":1,"values":[0.2673,0.0647,0.9614,0,-0.7848,-0.5643,0.2561,0,-0.5591,0.823,0.1001,0,-0.0029,-1.0721,-0.0429,1]},
{"frame":2,"values":[0.2486,0.0324,0.9681,0,-0.8095,-0.5419,0.226,0,-0.5319,0.8398,0.1085,0,-0.0029,-1.0721,-0.0429,1]},
{"frame":3,"values":[0.1888,-0.0573,0.9803,0,-0.8686,-0.4755,0.1395,0,-0.4582,0.8778,0.1395,0,-0.0029,-1.0721,-0.0429,1]},
{"frame":4,"values":[0.1061,-0.1615,0.9811,0,-0.9179,-0.3953,0.0342,0,-0.3824,0.9042,0.1902,0,-0.0029,-1.0721,-0.0429,1]},
{"frame":5,"values":[0.0424,-0.2383,0.9703,0,-0.9347,-0.3525,-0.0458,0,-0.3529,0.905,0.2376,0,-0.0029,-1.0721,-0.0429,1]},
{"frame":6,"values":[-0.0003,-0.3031,0.9529,0,-0.9339,-0.3405,-0.1086,0,-0.3574,0.89,0.283,0,-0.0029,-1.0721,-0.0429,1]},
{"frame":7,"values":[-0.0351,-0.3744,0.9266,0,-0.9276,-0.3329,-0.1696,0,-0.3719,0.8655,0.3356,0,-0.0029,-1.0721,-0.0429,1]},
{"frame":8,"values":[-0.0573,-0.4374,0.8974,0,-0.9186,-0.3289,-0.2189,0,-0.3909,0.837,0.383,0,-0.0029,-1.0721,-0.0429,1]},
{"frame":9,"values":[-0.0672,-0.4774,0.8761,0,-0.9116,-0.3276,-0.2484,0,-0.4056,0.8154,0.4132,0,-0.0029,-1.0721,-0.0429,1]},
{"frame":10,"values":[-0.0695,-0.4901,0.8689,0,-0.9091,-0.3275,-0.2574,0,-0.4107,0.8078,0.4228,0,-0.0029,-1.0721,-0.0429,1]},
{"frame":11,"values":[-0.0682,-0.4785,0.8755,0,-0.9123,-0.3252,-0.2488,0,-0.4037,0.8157,0.4143,0,-0.0029,-1.0721,-0.0429,1]},
{"frame":12,"values":[-0.0616,-0.442,0.8949,0,-0.9214,-0.3196,-0.2213,0,-0.3838,0.8381,0.3876,0,-0.0029,-1.0721,-0.0429,1]},
{"frame":13,"values":[-0.0445,-0.3851,0.9218,0,-0.9328,-0.3144,-0.1764,0,-0.3578,0.8677,0.3452,0,-0.0029,-1.0721,-0.0429,1]},
{"frame":14,"values":[-0.0158,-0.3216,0.9468,0,-0.9413,-0.3146,-0.1225,0,-0.3373,0.8931,0.2977,0,-0.0029,-1.0721,-0.0429,1]},
{"frame":15,"values":[0.0209,-0.2646,0.9641,0,-0.9437,-0.3236,-0.0684,0,-0.3301,0.9084,0.2564,0,-0.0029,-1.0721,-0.0429,1]},
{"frame":16,"values":[0.0739,-0.2011,0.9768,0,-0.9336,-0.3584,-0.0032,0,-0.3507,0.9117,0.2142,0,-0.0029,-1.0721,-0.0429,1]},
{"frame":17,"values":[0.1459,-0.1152,0.9826,0,-0.9007,-0.4263,0.0838,0,-0.4092,0.8972,0.166,0,-0.0029,-1.0721,-0.0429,1]},
{"frame":18,"values":[0.2132,-0.0239,0.9767,0,-0.8489,-0.4994,0.1731,0,-0.4836,0.8661,0.1268,0,-0.0029,-1.0721,-0.0429,1]},
{"frame":19,"values":[0.2546,0.0422,0.9661,0,-0.8024,-0.5484,0.2354,0,-0.5398,0.8351,0.1058,0,-0.0029,-1.0721,-0.0429,1]},
{"frame":20,"values":[0.2673,0.0647,0.9614,0,-0.7848,-0.5643,0.2561,0,-0.5591,0.823,0.1001,0,-0.0029,-1.0721,-0.0429,1]}],"loopBehavior":1,"name":"anim","property":"_matrix"}},
{"name":"Bone_L.001","index":18,"matrix":[-0.0289,-0.9493,-0.3129,0,0.3644,0.2815,-0.8877,0,0.9308,-0.1397,0.3378,0,0,0.3557,0,1],"rest":[-0.0402,-0.9784,-0.2028,0,0.2721,0.1845,-0.9444,0,0.9614,-0.0932,0.2588,0,0,0.3557,0,1],"parentBoneIndex":17,"length":0.4889
,"animation":{"dataType":3,"framePerSecond":24,"keys":[
{"frame":1,"values":[0.101,-0.8597,-0.5006,0,0.4259,0.4922,-0.7592,0,0.8991,-0.1365,0.4158,0,0,0.3557,0,1]},
{"frame":2,"values":[0.0816,-0.8765,-0.4745,0,0.4213,0.4617,-0.7806,0,0.9032,-0.1363,0.407,0,0,0.3557,0,1]},
{"frame":3,"values":[0.0286,-0.9161,-0.3999,0,0.4017,0.3769,-0.8346,0,0.9153,-0.1368,0.3788,0,0,0.3557,0,1]},
{"frame":4,"values":[-0.0289,-0.9493,-0.3129,0,0.3644,0.2815,-0.8877,0,0.9308,-0.1397,0.3378,0,0,0.3557,0,1]},
{"frame":5,"values":[-0.0624,-0.9628,-0.2628,0,0.3227,0.2297,-0.9182,0,0.9444,-0.1421,0.2964,0,0,0.3557,0,1]},
{"frame":6,"values":[-0.0792,-0.9672,-0.2413,0,0.2732,0.2117,-0.9384,0,0.9587,-0.1403,0.2475,0,0,0.3557,0,1]},
{"frame":7,"values":[-0.0916,-0.97,-0.2252,0,0.2069,0.2027,-0.9571,0,0.9741,-0.1343,0.1822,0,0,0.3557,0,1]},
{"frame":8,"values":[-0.0988,-0.9714,-0.2157,0,0.14,0.201,-0.9695,0,0.9852,-0.126,0.1161,0,0,0.3557,0,1]},
{"frame":9,"values":[-0.1018,-0.972,-0.2119,0,0.0936,0.2027,-0.9748,0,0.9904,-0.119,0.0703,0,0,0.3557,0,1]},
{"frame":10,"values":[-0.1024,-0.9721,-0.2112,0,0.0781,0.2038,-0.9759,0,0.9917,-0.1165,0.0551,0,0,0.3557,0,1]},
{"frame":11,"values":[-0.1008,-0.9721,-0.2117,0,0.0931,0.2027,-0.9748,0,0.9905,-0.118,0.07,0,0,0.3557,0,1]},
{"frame":12,"values":[-0.0952,-0.972,-0.2149,0,0.1377,0.201,-0.9699,0,0.9859,-0.1219,0.1148,0,0,0.3557,0,1]},
{"frame":13,"values":[-0.085,-0.971,-0.2234,0,0.2019,0.2028,-0.9582,0,0.9757,-0.1265,0.1789,0,0,0.3557,0,1]},
{"frame":14,"values":[-0.0709,-0.9686,-0.2385,0,0.265,0.2122,-0.9406,0,0.9616,-0.1299,0.2416,0,0,0.3557,0,1]},
{"frame":15,"values":[-0.0547,-0.9642,-0.2594,0,0.3115,0.2304,-0.9219,0,0.9487,-0.1312,0.2878,0,0,0.3557,0,1]},
{"frame":16,"values":[-0.0296,-0.9538,-0.299,0,0.349,0.2705,-0.8972,0,0.9367,-0.1309,0.3249,0,0,0.3557,0,1]},
{"frame":17,"values":[0.0108,-0.931,-0.3648,0,0.3847,0.3406,-0.8579,0,0.923,-0.1311,0.3618,0,0,0.3557,0,1]},
{"frame":18,"values":[0.0562,-0.8986,-0.4352,0,0.4103,0.4182,-0.8104,0,0.9102,-0.1331,0.3922,0,0,0.3557,0,1]},
{"frame":19,"values":[0.0896,-0.8703,-0.4843,0,0.4227,0.4735,-0.7727,0,0.9018,-0.1355,0.4103,0,0,0.3557,0,1]},
{"frame":20,"values":[0.101,-0.8597,-0.5006,0,0.4259,0.4922,-0.7592,0,0.8991,-0.1365,0.4158,0,0,0.3557,0,1]}],"loopBehavior":1,"name":"anim","property":"_matrix"}},
{"name":"Bone_L.002","index":19,"matrix":[0.9711,-0.1859,-0.1497,0,0.1813,0.9825,-0.0436,0,0.1552,0.0152,0.9878,0,0,0.4889,0,1],"rest":[0.9911,-0.0958,-0.0921,0,0.0788,0.9816,-0.1738,0,0.1071,0.165,0.9805,0,0,0.4889,0,1],"parentBoneIndex":18,"length":0.674
,"animation":{"dataType":3,"framePerSecond":24,"keys":[
{"frame":1,"values":[0.9938,-0.0477,-0.1002,0,0.0314,0.9869,-0.1583,0,0.1064,0.1542,0.9823,0,0,0.4889,0,1]},
{"frame":2,"values":[0.9918,-0.0704,-0.1071,0,0.0551,0.9887,-0.1396,0,0.1157,0.1325,0.9844,0,0,0.4889,0,1]},
{"frame":3,"values":[0.9835,-0.129,-0.127,0,0.118,0.9888,-0.091,0,0.1373,0.0745,0.9877,0,0,0.4889,0,1]},
{"frame":4,"values":[0.9711,-0.1859,-0.1497,0,0.1813,0.9825,-0.0436,0,0.1552,0.0152,0.9878,0,0,0.4889,0,1]},
{"frame":5,"values":[0.9653,-0.207,-0.1591,0,0.2055,0.9783,-0.0259,0,0.161,-0.0077,0.9869,0,0,0.4889,0,1]},
{"frame":6,"values":[0.9684,-0.1975,-0.1523,0,0.1938,0.9803,-0.0391,0,0.1571,0.0083,0.9876,0,0,0.4889,0,1]},
{"frame":7,"values":[0.9763,-0.1701,-0.134,0,0.1609,0.984,-0.0768,0,0.145,0.0534,0.988,0,0,0.4889,0,1]},
{"frame":8,"values":[0.9847,-0.1335,-0.1121,0,0.1192,0.9849,-0.126,0,0.1272,0.1107,0.9857,0,0,0.4889,0,1]},
{"frame":9,"values":[0.9899,-0.104,-0.0962,0,0.0872,0.9825,-0.1646,0,0.1117,0.1545,0.9817,0,0,0.4889,0,1]},
{"frame":10,"values":[0.9915,-0.0933,-0.0909,0,0.076,0.981,-0.1783,0,0.1058,0.1699,0.9798,0,0,0.4889,0,1]},
{"frame":11,"values":[0.9898,-0.1052,-0.0962,0,0.0886,0.9826,-0.163,0,0.1117,0.1528,0.9819,0,0,0.4889,0,1]},
{"frame":12,"values":[0.984,-0.1383,-0.1122,0,0.1248,0.9849,-0.1198,0,0.1271,0.1039,0.9864,0,0,0.4889,0,1]},
{"frame":13,"values":[0.9745,-0.1793,-0.1348,0,0.1719,0.983,-0.0649,0,0.1441,0.04,0.9888,0,0,0.4889,0,1]},
{"frame":14,"values":[0.9656,-0.2099,-0.1538,0,0.2089,0.9777,-0.0227,0,0.1552,-0.0102,0.9878,0,0,0.4889,0,1]},
{"frame":15,"values":[0.962,-0.2204,-0.1609,0,0.222,0.975,-0.008,0,0.1586,-0.0281,0.9869,0,0,0.4889,0,1]},
{"frame":16,"values":[0.9663,-0.2058,-0.1545,0,0.205,0.9785,-0.0209,0,0.1555,-0.0115,0.9878,0,0,0.4889,0,1]},
{"frame":17,"values":[0.9769,-0.1637,-0.1374,0,0.1571,0.9859,-0.0578,0,0.145,0.0349,0.9888,0,0,0.4889,0,1]},
{"frame":18,"values":[0.9871,-0.1079,-0.1179,0,0.0955,0.9897,-0.1063,0,0.1281,0.0937,0.9873,0,0,0.4889,0,1]},
{"frame":19,"values":[0.9925,-0.0636,-0.1045,0,0.0481,0.9883,-0.1447,0,0.1125,0.1386,0.9839,0,0,0.4889,0,1]},
{"frame":20,"values":[0.9938,-0.0477,-0.1002,0,0.0314,0.9869,-0.1583,0,0.1064,0.1542,0.9823,0,0,0.4889,0,1]}],"loopBehavior":1,"name":"anim","property":"_matrix"}},
{"name":"Bone_L.003","index":20,"matrix":[0.9363,0.1262,0.3277,0,-0.3373,0.0632,0.9393,0,0.0978,-0.99,0.1018,0,0,0.674,0,1],"rest":[0.9644,0.1547,0.2143,0,-0.1984,-0.1121,0.9737,0,0.1747,-0.9816,-0.0774,0,0,0.674,0,1],"parentBoneIndex":19,"length":0.331
,"animation":{"dataType":3,"framePerSecond":24,"keys":[
{"frame":1,"values":[0.9618,0.1467,0.2311,0,-0.2197,-0.0897,0.9714,0,0.1633,-0.9851,-0.0541,0,0,0.674,0,1]},
{"frame":2,"values":[0.9586,0.1424,0.2466,0,-0.2394,-0.0655,0.9687,0,0.1541,-0.9876,-0.0286,0,0,0.674,0,1]},
{"frame":3,"values":[0.9486,0.133,0.2872,0,-0.2896,-0.0013,0.9572,0,0.1276,-0.9911,0.0372,0,0,0.674,0,1]},
{"frame":4,"values":[0.9363,0.1262,0.3277,0,-0.3373,0.0632,0.9393,0,0.0978,-0.99,0.1018,0,0,0.674,0,1]},
{"frame":5,"values":[0.931,0.1243,0.3431,0,-0.3547,0.0879,0.9308,0,0.0856,-0.9883,0.1259,0,0,0.674,0,1]},
{"frame":6,"values":[0.9349,0.1263,0.3317,0,-0.3425,0.0752,0.9365,0,0.0933,-0.9891,0.1136,0,0,0.674,0,1]},
{"frame":7,"values":[0.9448,0.1325,0.2996,0,-0.3068,0.0378,0.951,0,0.1147,-0.9905,0.0764,0,0,0.674,0,1]},
{"frame":8,"values":[0.9556,0.1421,0.258,0,-0.2586,-0.0151,0.9659,0,0.1412,-0.9897,0.0223,0,0,0.674,0,1]},
{"frame":9,"values":[0.9624,0.1511,0.2257,0,-0.218,-0.0657,0.9737,0,0.162,-0.9863,-0.0303,0,0,0.674,0,1]},
{"frame":10,"values":[0.9644,0.1547,0.2143,0,-0.2003,-0.1014,0.9745,0,0.1725,-0.9827,-0.0669,0,0,0.674,0,1]},
{"frame":11,"values":[0.9634,0.1529,0.2202,0,-0.2018,-0.127,0.9712,0,0.1764,-0.9801,-0.0915,0,0,0.674,0,1]},
{"frame":12,"values":[0.9603,0.1475,0.2368,0,-0.2152,-0.1484,0.9652,0,0.1775,-0.9779,-0.1108,0,0,0.674,0,1]},
{"frame":13,"values":[0.9559,0.1403,0.2579,0,-0.2346,-0.1632,0.9583,0,0.1765,-0.9766,-0.1231,0,0,0.674,0,1]},
{"frame":14,"values":[0.9522,0.1346,0.2742,0,-0.2503,-0.1707,0.953,0,0.1751,-0.9761,-0.1289,0,0,0.674,0,1]},
{"frame":15,"values":[0.9508,0.1326,0.28,0,-0.256,-0.1727,0.9511,0,0.1744,-0.976,-0.1303,0,0,0.674,0,1]},
{"frame":16,"values":[0.9518,0.134,0.2757,0,-0.2529,-0.1654,0.9533,0,0.1733,-0.9771,-0.1235,0,0,0.674,0,1]},
{"frame":17,"values":[0.9547,0.1378,0.2636,0,-0.2439,-0.1447,0.9589,0,0.1703,-0.9798,-0.1045,0,0,0.674,0,1]},
{"frame":18,"values":[0.9583,0.1424,0.2479,0,-0.2322,-0.118,0.9655,0,0.1667,-0.9827,-0.08,0,0,0.674,0,1]},
{"frame":19,"values":[0.9609,0.1457,0.2355,0,-0.223,-0.0972,0.97,0,0.1642,-0.9846,-0.0609,0,0,0.674,0,1]},
{"frame":20,"values":[0.9618,0.1467,0.2311,0,-0.2197,-0.0897,0.9714,0,0.1633,-0.9851,-0.0541,0,0,0.674,0,1]}],"loopBehavior":1,"name":"anim","property":"_matrix"}},
{"name":"Bone_R","index":21,"matrix":[0.1424,0.3228,-0.9357,0,0.9453,-0.3245,0.0319,0,0.2933,0.8891,0.3514,0,-0.0029,-1.0721,-0.0429,1],"rest":[0.1601,0.266,-0.9506,0,0.9573,-0.2769,0.0837,0,0.2409,0.9233,0.299,0,-0.0029,-1.0721,-0.0429,1],"parentBoneIndex":-1,"length":0.3557
,"animation":{"dataType":3,"framePerSecond":24,"keys":[
{"frame":1,"values":[0.0773,0.442,-0.8937,0,0.9155,-0.3864,-0.112,0,0.3948,0.8095,0.4345,0,-0.0029,-1.0721,-0.0429,1]},
{"frame":2,"values":[0.0831,0.4279,-0.9,0,0.922,-0.3758,-0.0935,0,0.3782,0.822,0.4257,0,-0.0029,-1.0721,-0.0429,1]},
{"frame":3,"values":[0.1047,0.3842,-0.9173,0,0.9364,-0.3487,-0.0391,0,0.3349,0.8548,0.3963,0,-0.0029,-1.0721,-0.0429,1]},
{"frame":4,"values":[0.1424,0.3228,-0.9357,0,0.9453,-0.3245,0.0319,0,0.2933,0.8891,0.3514,0,-0.0029,-1.0721,-0.0429,1]},
{"frame":5,"values":[0.1854,0.2631,-0.9468,0,0.9413,-0.3241,0.0943,0,0.2821,0.9087,0.3077,0,-0.0029,-1.0721,-0.0429,1]},
{"frame":6,"values":[0.2377,0.1924,-0.9521,0,0.915,-0.3733,0.153,0,0.326,0.9075,0.2648,0,-0.0029,-1.0721,-0.0429,1]},
{"frame":7,"values":[0.2984,0.0911,-0.9501,0,0.8493,-0.4795,0.2208,0,0.4354,0.8728,0.2205,0,-0.0029,-1.0721,-0.0429,1]},
{"frame":8,"values":[0.3422,-0.0196,-0.9394,0,0.7508,-0.5955,0.2859,0,0.565,0.8031,0.1891,0,-0.0029,-1.0721,-0.0429,1]},
{"frame":9,"values":[0.3596,-0.0995,-0.9278,0,0.6638,-0.6715,0.3293,0,0.6558,0.7343,0.1754,0,-0.0029,-1.0721,-0.0429,1]},
{"frame":10,"values":[0.3628,-0.1264,-0.9233,0,0.6313,-0.6955,0.3433,0,0.6855,0.7074,0.1725,0,-0.0029,-1.0721,-0.0429,1]},
{"frame":11,"values":[0.3559,-0.0992,-0.9292,0,0.6664,-0.6701,0.3268,0,0.6551,0.7356,0.1724,0,-0.0029,-1.0721,-0.0429,1]},
{"frame":12,"values":[0.3276,-0.0196,-0.9446,0,0.7597,-0.589,0.2757,0,0.5618,0.8079,0.1781,0,-0.0029,-1.0721,-0.0429,1]},
{"frame":13,"values":[0.2693,0.0877,-0.9591,0,0.8629,-0.4642,0.1998,0,0.4277,0.8814,0.2007,0,-0.0029,-1.0721,-0.0429,1]},
{"frame":14,"values":[0.1979,0.1826,-0.9631,0,0.9284,-0.3502,0.1243,0,0.3146,0.9187,0.2388,0,-0.0029,-1.0721,-0.0429,1]},
{"frame":15,"values":[0.1434,0.2471,-0.9583,0,0.9522,-0.2985,0.0655,0,0.2698,0.9219,0.2781,0,-0.0029,-1.0721,-0.0429,1]},
{"frame":16,"values":[0.1082,0.3001,-0.9478,0,0.9548,-0.297,0.015,0,0.2769,0.9065,0.3187,0,-0.0029,-1.0721,-0.0429,1]},
{"frame":17,"values":[0.085,0.3556,-0.9308,0,0.9475,-0.3179,-0.0349,0,0.3083,0.8789,0.3639,0,-0.0029,-1.0721,-0.0429,1]},
{"frame":18,"values":[0.076,0.4033,-0.9119,0,0.9335,-0.3502,-0.0771,0,0.3505,0.8454,0.4031,0,-0.0029,-1.0721,-0.0429,1]},
{"frame":19,"values":[0.076,0.4329,-0.8982,0,0.9205,-0.3768,-0.1036,0,0.3833,0.819,0.4271,0,-0.0029,-1.0721,-0.0429,1]},
{"frame":20,"values":[0.0773,0.442,-0.8937,0,0.9155,-0.3864,-0.112,0,0.3948,0.8095,0.4345,0,-0.0029,-1.0721,-0.0429,1]}],"loopBehavior":1,"name":"anim","property":"_matrix"}},
{"name":"Bone_R.001","index":22,"matrix":[0.011,0.9571,0.2896,0,-0.2052,0.2857,-0.9361,0,-0.9786,-0.0492,0.1996,0,0,0.3557,0,1],"rest":[-0.0402,0.9784,0.2028,0,-0.2721,0.1845,-0.9444,0,-0.9614,-0.0932,0.2588,0,0,0.3557,0,1],"parentBoneIndex":21,"length":0.4889
,"animation":{"dataType":3,"framePerSecond":24,"keys":[
{"frame":1,"values":[-0.0237,0.9515,0.3068,0,-0.1084,0.3026,-0.9469,0,-0.9938,-0.0557,0.096,0,0,0.3557,0,1]},
{"frame":2,"values":[-0.0182,0.9524,0.3043,0,-0.1211,0.3,-0.9462,0,-0.9925,-0.0541,0.1099,0,0,0.3557,0,1]},
{"frame":3,"values":[-0.0037,0.9548,0.2974,0,-0.1581,0.2931,-0.9429,0,-0.9874,-0.0505,0.1499,0,0,0.3557,0,1]},
{"frame":4,"values":[0.011,0.9571,0.2896,0,-0.2052,0.2857,-0.9361,0,-0.9786,-0.0492,0.1996,0,0,0.3557,0,1]},
{"frame":5,"values":[0.0174,0.9581,0.2859,0,-0.2436,0.2814,-0.9282,0,-0.9697,-0.0535,0.2382,0,0,0.3557,0,1]},
{"frame":6,"values":[0.0269,0.9458,0.3238,0,-0.2775,0.3182,-0.9065,0,-0.9603,-0.0655,0.271,0,0,0.3557,0,1]},
{"frame":7,"values":[0.054,0.9018,0.4288,0,-0.3134,0.423,-0.8502,0,-0.9481,-0.0884,0.3054,0,0,0.3557,0,1]},
{"frame":8,"values":[0.0922,0.8271,0.5545,0,-0.3399,0.5495,-0.7632,0,-0.9359,-0.1181,0.3318,0,0,0.3557,0,1]},
{"frame":9,"values":[0.1231,0.7562,0.6427,0,-0.3518,0.6388,-0.6842,0,-0.9279,-0.1418,0.3447,0,0,0.3557,0,1]},
{"frame":10,"values":[0.1342,0.7287,0.6716,0,-0.3544,0.6682,-0.6542,0,-0.9254,-0.1502,0.3479,0,0,0.3557,0,1]},
{"frame":11,"values":[0.1204,0.7565,0.6429,0,-0.3561,0.6374,-0.6833,0,-0.9267,-0.1467,0.3461,0,0,0.3557,0,1]},
{"frame":12,"values":[0.0806,0.8278,0.5552,0,-0.356,0.5442,-0.7597,0,-0.931,-0.1364,0.3385,0,0,0.3557,0,1]},
{"frame":13,"values":[0.0292,0.9023,0.4301,0,-0.3437,0.4131,-0.8433,0,-0.9386,-0.1232,0.3222,0,0,0.3557,0,1]},
{"frame":14,"values":[-0.0096,0.9456,0.3252,0,-0.3189,0.3054,-0.8972,0,-0.9477,-0.1123,0.2986,0,0,0.3557,0,1]},
{"frame":15,"values":[-0.0232,0.9577,0.287,0,-0.291,0.2682,-0.9184,0,-0.9564,-0.1048,0.2725,0,0,0.3557,0,1]},
{"frame":16,"values":[-0.0238,0.9571,0.2889,0,-0.2557,0.2735,-0.9273,0,-0.9665,-0.096,0.2382,0,0,0.3557,0,1]},
{"frame":17,"values":[-0.0239,0.9556,0.2938,0,-0.2066,0.2828,-0.9366,0,-0.9781,-0.0831,0.1907,0,0,0.3557,0,1]},
{"frame":18,"values":[-0.0238,0.9536,0.3001,0,-0.156,0.293,-0.9433,0,-0.9875,-0.0692,0.1418,0,0,0.3557,0,1]},
{"frame":19,"values":[-0.0237,0.952,0.305,0,-0.1204,0.3002,-0.9463,0,-0.9924,-0.0592,0.1075,0,0,0.3557,0,1]},
{"frame":20,"values":[-0.0237,0.9515,0.3068,0,-0.1084,0.3026,-0.9469,0,-0.9938,-0.0557,0.096,0,0,0.3557,0,1]}],"loopBehavior":1,"name":"anim","property":"_matrix"}},
{"name":"Bone_R.002","index":23,"matrix":[0.9775,0.1979,0.0724,0,-0.1793,0.9616,-0.2077,0,-0.1108,0.19,0.9755,0,0,0.4889,0,1],"rest":[0.9911,0.0958,0.0921,0,-0.0788,0.9816,-0.1738,0,-0.1071,0.165,0.9805,0,0,0.4889,0,1],"parentBoneIndex":22,"length":0.674
,"animation":{"dataType":3,"framePerSecond":24,"keys":[
{"frame":1,"values":[0.9898,0.111,0.0894,0,-0.0944,0.9806,-0.1715,0,-0.1067,0.1613,0.9811,0,0,0.4889,0,1]},
{"frame":2,"values":[0.9883,0.125,0.0869,0,-0.1081,0.9782,-0.1774,0,-0.1072,0.166,0.9803,0,0,0.4889,0,1]},
{"frame":3,"values":[0.9836,0.1616,0.08,0,-0.1438,0.9707,-0.1927,0,-0.1088,0.178,0.978,0,0,0.4889,0,1]},
{"frame":4,"values":[0.9775,0.1979,0.0724,0,-0.1793,0.9616,-0.2077,0,-0.1108,0.19,0.9755,0,0,0.4889,0,1]},
{"frame":5,"values":[0.9749,0.2117,0.0694,0,-0.1928,0.9578,-0.2133,0,-0.1116,0.1946,0.9745,0,0,0.4889,0,1]},
{"frame":6,"values":[0.977,0.2013,0.0711,0,-0.1823,0.96,-0.2124,0,-0.111,0.1945,0.9746,0,0,0.4889,0,1]},
{"frame":7,"values":[0.9822,0.1718,0.0759,0,-0.1528,0.966,-0.2086,0,-0.1092,0.1933,0.975,0,0,0.4889,0,1]},
{"frame":8,"values":[0.9876,0.1338,0.082,0,-0.1151,0.9728,-0.201,0,-0.1067,0.1891,0.9762,0,0,0.4889,0,1]},
{"frame":9,"values":[0.9908,0.104,0.0865,0,-0.0861,0.978,-0.1898,0,-0.1044,0.1806,0.978,0,0,0.4889,0,1]},
{"frame":10,"values":[0.9917,0.0934,0.088,0,-0.0768,0.9813,-0.1766,0,-0.1029,0.1684,0.9803,0,0,0.4889,0,1]},
{"frame":11,"values":[0.9903,0.1038,0.0919,0,-0.0886,0.9838,-0.1562,0,-0.1066,0.1465,0.9834,0,0,0.4889,0,1]},
{"frame":12,"values":[0.9858,0.1325,0.1035,0,-0.1193,0.985,-0.1248,0,-0.1185,0.1107,0.9868,0,0,0.4889,0,1]},
{"frame":13,"values":[0.9784,0.1687,0.1195,0,-0.1584,0.9831,-0.0915,0,-0.1329,0.0706,0.9886,0,0,0.4889,0,1]},
{"frame":14,"values":[0.9715,0.1963,0.1327,0,-0.1887,0.9797,-0.068,0,-0.1433,0.041,0.9888,0,0,0.4889,0,1]},
{"frame":15,"values":[0.9688,0.206,0.1375,0,-0.1995,0.9781,-0.0601,0,-0.1468,0.0308,0.9887,0,0,0.4889,0,1]},
{"frame":16,"values":[0.9712,0.1979,0.1328,0,-0.19,0.9793,-0.0698,0,-0.1438,0.0426,0.9887,0,0,0.4889,0,1]},
{"frame":17,"values":[0.9773,0.1747,0.12,0,-0.1635,0.9817,-0.0975,0,-0.1348,0.0756,0.988,0,0,0.4889,0,1]},
{"frame":18,"values":[0.984,0.1441,0.1045,0,-0.1297,0.9825,-0.1333,0,-0.1219,0.1177,0.9855,0,0,0.4889,0,1]},
{"frame":19,"values":[0.9884,0.1197,0.0933,0,-0.1036,0.9814,-0.1615,0,-0.1109,0.15,0.9825,0,0,0.4889,0,1]},
{"frame":20,"values":[0.9898,0.111,0.0894,0,-0.0944,0.9806,-0.1715,0,-0.1067,0.1613,0.9811,0,0,0.4889,0,1]}],"loopBehavior":1,"name":"anim","property":"_matrix"}},
{"name":"Bone_R.003","index":24,"matrix":[0.9644,-0.1547,-0.2143,0,0.1984,-0.1121,0.9737,0,-0.1747,-0.9816,-0.0774,0,0,0.674,0,1],"rest":[0.9644,-0.1547,-0.2143,0,0.1984,-0.1121,0.9737,0,-0.1747,-0.9816,-0.0774,0,0,0.674,0,1],"parentBoneIndex":23,"length":0.331
,"animation":{"dataType":3,"framePerSecond":24,"keys":[
{"frame":1,"values":[0.9644,-0.1547,-0.2143,0,0.1984,-0.1121,0.9737,0,-0.1747,-0.9816,-0.0774,0,0,0.674,0,1]},
{"frame":6,"values":[0.9644,-0.1547,-0.2145,0,0.1977,-0.117,0.9732,0,-0.1757,-0.981,-0.0822,0,0,0.674,0,1]},
{"frame":7,"values":[0.9642,-0.1546,-0.2154,0,0.1961,-0.1309,0.9718,0,-0.1784,-0.9793,-0.0959,0,0,0.674,0,1]},
{"frame":8,"values":[0.9638,-0.1544,-0.2172,0,0.1947,-0.1488,0.9695,0,-0.182,-0.9767,-0.1133,0,0,0.674,0,1]},
{"frame":9,"values":[0.9633,-0.1542,-0.2199,0,0.1947,-0.1629,0.9672,0,-0.1849,-0.9745,-0.1269,0,0,0.674,0,1]},
{"frame":10,"values":[0.9626,-0.1539,-0.2231,0,0.1969,-0.1682,0.9659,0,-0.1862,-0.9737,-0.1316,0,0,0.674,0,1]},
{"frame":11,"values":[0.9615,-0.1538,-0.2278,0,0.2058,-0.1462,0.9676,0,-0.1821,-0.9772,-0.1089,0,0,0.674,0,1]},
{"frame":12,"values":[0.9597,-0.1545,-0.2346,0,0.2241,-0.0827,0.9711,0,-0.1694,-0.9845,-0.0447,0,0,0.674,0,1]},
{"frame":13,"values":[0.9577,-0.156,-0.2416,0,0.2446,-0.0003,0.9696,0,-0.1513,-0.9878,0.0379,0,0,0.674,0,1]},
{"frame":14,"values":[0.9562,-0.1576,-0.2465,0,0.259,0.0639,0.9638,0,-0.1361,-0.9854,0.1019,0,0,0.674,0,1]},
{"frame":15,"values":[0.9557,-0.1582,-0.2481,0,0.2637,0.0866,0.9607,0,-0.1305,-0.9836,0.1245,0,0,0.674,0,1]},
{"frame":16,"values":[0.9566,-0.1576,-0.2452,0,0.2583,0.069,0.9636,0,-0.135,-0.9851,0.1067,0,0,0.674,0,1]},
{"frame":17,"values":[0.9589,-0.1563,-0.2368,0,0.2426,0.0192,0.9699,0,-0.147,-0.9875,0.0564,0,0,0.674,0,1]},
{"frame":18,"values":[0.9617,-0.1551,-0.2259,0,0.2216,-0.0448,0.9741,0,-0.1612,-0.9869,-0.0087,0,0,0.674,0,1]},
